95,35
10,195
10,143
10,87
10,219
10,297
10,263
10,129
10,97
10,2
10,3
11,15
11,11
11,17
11,13
9,5
9,1
9,7
9,2
9,3
8,8
8,9
8,13
8,12
93,4
93,3
93,2
93,1
93,0
92,3
92,2
92,1
92,0
74,3
74,2
74,1
53,3
53,2
53,1
53,0
51,3
51,2
51,1
51,0
50,3
50,2
50,1
50,0
49,3
49,2
49,1
34,3
34,1
26,3
26,1
25,3
25,2
25,1
20,3
20,2
20,1
19,3
19,2
19,1
18,3
18,1
14,3
14,1
13,3
13,1
12,3
12,2
12,1
11,27
11,26
11,25
11,24
11,23
11,22
11,20
11,18
11,8
11,6
11,4
11,3
11,2
11,1
10,288
10,244
10,192
10,166
10,140
10,1
10,94
8,17
